200

 2 19
18 21
11 11
49  6
33  7
 2 48
34 47
21  7
11  6
14 15
16 26
 3  1
15 10
39 20
11 33
11  3
28 44
26 26
41 43
 4  9
40 47
33  5
50 11
 8 23
42  6
14 50
33 43
34 27
11  9
36 18
40 21
28 30
48 33
 1  1
31 33
12 29
43 39
33 25
10 25
42 37
33 28
12 16
20 10
35 49
24 13
44 50
 3 31
27 32
 6 16
20 19
18 35
30 32
42  6
39 26
49 22
11 44
41 13
26 40
24 39
17 16
13  4
 1  4
35 12
44 10
27 19
47 28
27 45
14 50
41  9
24 13
27  9
17 40
11 20
43 21
13 48
41 17
 5 11
26  8
45 29
30 21
50 44
32 47
36  4
20 35
17 50
25  7
22 27
42 14
28 36
42 24
 3 45
36 36
21  4
23  2
 1  5
31  6
12 22
14 39
27 44
23 12
43 39
32 30
47  1
17 26
24 39
 7 23
46 44
45 29
39 16
44 24
20 35
13 11
28 36
47 32
10 29
 5 15
38 40
47  4
 3  6
41 17
25 21
19 39
44  8
 2 16
21 20
 9 23
47 33
11 13
37 15
16 17
39 20
24 45
10  9
48  3
35 44
28 29
11 49
44 26
29 14
 9 12
24  8
 9 33
47 32
43 44
37 17
29 40
33 38
20 35
36 37
32 19
32  9
43  4
32 20
12 38
22  2
25 41
30 30
22  6
31 12
50 16
13 46
22 37
30 13
44 10
17 12
26  5
41 31
13 43
24  2
12 22
45 41
 3 30
49  2
27 31
41  8
31 44
 8 35
 2 46
44 14
42 41
 1 40
20 33
11 16
 8  7
 9 30
34 20
44 50
19  1
13 34
39 18
 8 36
36 45
 3 31
11 33
36 37
 9 27
26 48
14  8
42 23
 4 24
